long first = (n / div * i); // 10位上的感觉
long second = (n % div - i + 1); // 1位数字
long third = (Math.min(Math.max(second, 0), i)); // 最多只有i，位数上吧


0 - 9
0,1,1    
0,2,1    
0,3,1    
0,4,1    
0,5,1    
0,6,1    
0,7,1    
0,8,1    
0,9,1 

10 - 19
1,0,0    0,1,1      2
1,1,1    0,2,2      4
1,2,1    0,3,3      5
1,3,1    0,4,4      6
1,4,1    0,5,5      7
1,5,1    0,6,6      8
1,6,1    0,7,7      9
1,7,1    0,8,8      10
1,8,1    0,9,9      11
1,9,1    0,10,10    12 

20 - 29
2,0,0    0,11,10    12
2,1,1    0,12,10    13
2,2,1    0,13,10    13
2,3,1    0,14,10    13
2,4,1    0,15,10    13
2,5,1    0,16,10    13
2,6,1    0,17,10    13
2,7,1    0,18,10    13
2,8,1    0,19,10    13
2,9,1    0,20,10    13

30 - 39
3,0,0    0,21,10    13
3,1,1    0,22,10    14
3,2,1    0,23,10    14
3,3,1    0,24,10    14
3,4,1    0,25,10    14
3,5,1    0,26,10    14
3,6,1    0,27,10    14
3,7,1    0,28,10    14
3,8,1    0,29,10    14
3,9,1    0,30,10    14

100 - 109
10,0,0    10,-9,0    0,1,1     21
10,1,1    10,-8,0    0,2,2     23
10,2,1    10,-7,0    0,3,3     24
10,3,1    10,-6,0    0,4,4     25
10,4,1    10,-5,0    0,5,5     26
10,5,1    10,-4,0    0,6,6     27
10,6,1    10,-3,0    0,7,7     28
10,7,1    10,-2,0    0,8,8     29
10,8,1    10,-1,0    0,9,9     30
10,9,1    10,0,0     0,10,10   31

200 - 209
20,0,0    20,-9,0    0,101,100    140
20,1,1    20,-8,0    0,102,100    141
20,2,1    20,-7,0    0,103,100    141
20,3,1    20,-6,0    0,104,100    141
20,4,1    20,-5,0    0,105,100    141
20,5,1    20,-4,0    0,106,100    141
20,6,1    20,-3,0    0,107,100    141
20,7,1    20,-2,0    0,108,100    141
20,8,1    20,-1,0    0,109,100    141
20,9,1    20,0,0    0,110,100    141

以100为例
1，11，21，31，41，51，61，71，81，91 - 每个个位的1组成了第一个10
10，11，12，13，14，15，16，17，18，19 - 每个十位的1组成了第二个10
100 - 每个百位的1组成了第三个1
所以一共21

以101为例
1，11，21，31，41，51，61，71，81，91, 101 - 每个个位的1组成了第一个11
10，11，12，13，14，15，16，17，18，19 - 每个十位的1组成了第二个10
100, 101 - 每个百位的1组成了第三个2
所以一共23

==================================================
n / div * i -- 当前位（个位、十位、百位）包含的1（每个个位的1）
n % div - i + 1 -- 当前位因为数字增大可能包含的1
Math.min(Math.max(second, 0), i) -- 最多只可能有i个1，个位是1，十位是10，百位是100