1,0,0,1 --> 1
0,1,1,1 --> 10
=================
1,1,1,2 --> 1, 11(第二个1)
0,2,2,2 --> 10, 11(第一个1)
=================
1,2,1,2 --> 1, 11(第二个1)
0,3,3,3 --> 10, 11(第一个1)，12
=================
1,3,1,2 --> 1, 11(第二个1)
0,4,4,4 --> 10, 11(第一个1)，12，13
=================

2,1,1,3 --> 1, 11(第二个1)，21
0,12,10,10 --> 10, 11(第一个1)，12，13，14，15，16，17，18，19
=================


2,1,1,3
0,12,10,10
=================

13 % 10 - 1 + 1



12,3,1,13 --> 1,11,21,31,41,51,61,71,81,91,101,111,121，个位有13个1
10,14,10,20 --> 10,11,12,13,14,15,16,17,18,19,110,111,112,113,114,115,116,117,118,119，十位有20个1
0,24,24,24 --> 100 ~ 123, 百位有24个1
=================

11,8,1,12 --> 1,11,21,31,41,51,61,71,81,91,101,111，个位有12个1
10,9,9,19 --> 10,11,12,13,14,15,16,17,18,19,110,111,112,113,114,115,116,117,118，十位有19个1
0,19,19,19 --> 100 ~ 118, 百位有19个1
=================
50